-2.317
-1.917
-1.517
-1.117
-0.81699
-0.61699
-0.41699
-0.31699
-0.21699
-0.016994
0.083006
0.28301
0.48301
0.58301
0.88301
1.183
1.583
1.883
2.183
2.383
2.583
2.883
2.983
3.083
3.183
3.283
3.383
3.583
3.683
3.883
4.083
4.283
4.483
4.683
4.883
5.083
5.383
5.583
5.883
5.983
6.083
6.083
6.083
5.983
5.983
5.983
5.983
5.783
5.683
5.583
5.683
5.783
5.883
5.883
5.783
5.783
5.583
5.283
4.983
4.683
4.383
3.983
3.683
3.483
3.383
3.183
3.083
2.983
2.883
2.783
2.683
2.483
2.183
1.983
1.883
1.683
1.483
1.283
1.083
0.88301
0.58301
0.38301
0.18301
0.083006
