0.00
0.00
0.00
0.00
0.00
0.00
-0.50
-1.00
-1.50
-2.50
-3.50
-5.00
-8.00
-12.00
-16.00
-20.00
-24.00
-28.00
-32.00
-36.00
-40.00
-44.00
-50.00
-54.00
-60.00
-64.00
-68.00
-72.00
-76.00
-80.00
-84.00
-88.00
-92.00
-96.00
-100.00
-104.00
-108.00
-112.00
-116.00
-120.00
-124.00
-128.00
-132.00
-136.00
-140.00
-144.00
-148.00
-152.00
-156.00
-160.00
-164.00
-168.00
-172.00
-176.00
-180.00
-184.00
-190.00
-194.00
-197.00
-200.00
-202.00
-203.00
-203.00
-203.00
-202.00
-202.00
-201.00
-200.00
-199.00
-198.00
-197.00
-196.00
-194.00
-192.00
-190.00
-188.00
-185.00
-182.00
-179.00
-176.00
-173.00
-170.00
-167.00
-164.00
-161.00
-158.00
-155.00
-152.00
-149.00
-146.00
-143.00
-140.00
-137.00
-134.00
-131.00
-128.00
-125.00
-122.00
-119.00
-116.00
-113.00
-110.00
-107.00
-104.00
-103.00
-100.00
-97.00
-94.00
-91.00
-88.00
-85.00
-82.00
-79.00
-76.00
-73.00
-70.00
-67.00
-64.00
-61.00
-58.00
-55.00
-52.00
-49.00
-46.00
-43.00
-40.00
-37.00
-33.00
-30.00
-27.00
-24.00
-22.00
-20.00
-18.00
-16.00
-14.00
-12.00
-10.00
-8.00
-6.00
-4.00
-2.00
0.00
1.00
2.00
3.00
4.00
5.00
6.00
6.50
7.00
7.50
8.00
8.50
9.00
9.25
9.50
9.75
10.00
10.25
10.50
10.75
11.00
11.10
11.20
11.30
11.35
11.40
11.45
11.50
11.45
11.40
11.35
11.30
11.25
11.20
11.00
10.80
10.60
10.30
10.00
9.70
9.30
8.90
8.50
8.00
7.50
7.00
6.50
6.00
5.00
4.00
3.00
2.00
0.00
0.00
0.00
0.00
